PingPong: 1048576-byte message, 10000 runs, avg. 0.00126632s, 25.3264s total
PingPing: 1048576-byte message, 10000 runs, avg. 0.00155929s, 31.1858s total
